109 196 201 248 260 387 433 434 463 523 552 564 570 605 706 738 862 885 1090 1125 1152 1259 1495 1609 1638 1674 1771 1775 1779 1791 1958 1988
10 15 29 36 49 71 90 95 99 113 232 268 277 303 310 331 345 368 427 464 471 492 533 610 625 631 634 641 651 652 672 673 687 703 707 748 760 878 932 935 987 998 999 1045 1049 1063 1114 1120 1131 1144 1174 1202 1258 1267 1292 1306 1307 1327 1358 1419 1430 1434 1461 1491 1500 1526 1530 1533 1572 1605 1629 1632 1633 1679 1684 1794 1817 1820 1823 1838 1862 1898 1913 1919 1957 1962
212 275 501 579 582 735 765 768 837 933 1042 1098 1107 1177 1195 1450 1455 1587 1813 1901 1936 1986
97 219 286 304 390 410 481 857 876 1069 1246 1334 1597 1599 1690 1792 1893 1927 1965 1969
4 27 37 93 222 229 241 271 351 430 461 467 470 512 515 536 609 621 655 659 684 733 757 780 824 865 918 928 930 970 974 1024 1028 1038 1040 1057 1072 1080 1105 1224 1270 1318 1335 1362 1370 1380 1466 1502 1504 1516 1567 1621 1637 1644 1695 1710 1745 1789 1815 1821 1854 1867 1889 1911 1916 1937 1943
30 40 78 80 88 122 154 162 166 186 191 202 224 254 263 321 333 358 395 429 472 496 506 586 670 697 704 720 804 822 847 859 872 895 897 906 955 1011 1013 1029 1035 1097 1103 1182 1207 1228 1249 1272 1276 1282 1290 1310 1311 1320 1339 1344 1401 1405 1435 1456 1472 1487 1497 1560 1578 1650 1668 1678 1699 1703 1705 1736 1769 1809 1839 1840 1849 1871 1873 1961
5 13 19 33 51 115 123 150 153 180 207 280 289 323 324 369 372 385 407 424 448 478 528 574 675 676 689 691 716 717 718 728 776 787 803 835 861 902 947 967 968 971 981 988 993 996 1032 1051 1053 1070 1073 1109 1140 1142 1168 1170 1198 1213 1230 1242 1295 1308 1324 1328 1330 1347 1391 1410 1415 1454 1475 1476 1484 1492 1548 1554 1573 1585 1620 1647 1673 1693 1697 1709 1728 1741 1749 1778 1783 1788 1807 1837 1874 1882 1884 1917 1983 1990
79 81 121 188 225 431 443 462 546 558 585 598 608 615 660 674 719 724 739 755 770 806 849 852 916 943 975 1099 1113 1155 1196 1214 1285 1321 1338 1426 1460 1501 1507 1529 1537 1591 1603 1616 1623 1639 1657 1715 1719 1739 1831 1855 1880 1932 1940
134 168 252 272 297 353 400 402 487 493 508 521 549 643 732 753 813 817 821 904 942 994 1022 1153 1351 1404 1444 1448 1490 1569 1579 1625 1636 1669 1698 1732 1738 1776 1790 1899 1949 1954
24 26 35 107 173 187 208 257 301 311 432 499 548 557 588 680 681 762 809 892 907 986 1006 1015 1056 1071 1119 1157 1165 1180 1197 1206 1217 1220 1291 1316 1348 1365 1411 1431 1449 1574 1582 1590 1645 1676 1729 1819 1826 1843 1865 1885 1908 1910 1953 1979 1985
2 185 259 454 489 714 793 801 810 844 1135 1171 1336 1523 1733 1758
17 87 255 312 437 455 469 491 531 573 600 695 752 850 896 922 959 984 1004 1026 1095 1254 1262 1364 1394 1422 1527 1566 1606 1662 1680 1808 1852 1967
98 119 129 167 217 223 283 405 458 518 534 542 556 661 741 764 893 1091 1132 1137 1141 1163 1166 1176 1345 1373 1389 1535 1552 1635 1672 1683 1744 1782 1827 1904 1971
44 56 60 228 230 251 285 292 314 338 409 419 468 520 527 545 583 591 593 603 606 667 785 841 854 858 874 905 910 920 952 976 1064 1088 1104 1122 1151 1167 1186 1209 1221 1235 1265 1278 1372 1403 1409 1437 1503 1515 1563 1583 1624 1660 1700 1724 1752 1825 1866 1900 1938 1950
34 96 152 236 273 291 302 376 411 504 547 578 602 666 730 823 903 1018 1139 1145 1210 1388 1393 1398 1402 1652 1731 1883 1886
23 66 84 190 234 270 337 417 425 439 444 483 525 571 627 646 759 777 805 843 851 911 1110 1117 1275 1350 1379 1408 1423 1427 1436 1467 1474 1485 1540 1613 1651 1653 1688 1701 1725 1737 1805 1830 1851 1869 1905 1931 1939 1946 1978
9 74 120 238 391 399 754 771 961 1002 1136 1293 1549 1764 1784 1803
21 62 266 284 305 329 343 440 500 567 599 616 654 736 953 956 1047 1229 1280 1332 1357 1433 1478 1619 1634 1743 1750 1832 1870 1956 1980
46 55 75 114 125 148 178 250 318 370 474 539 636 845 921 949 1023 1044 1052 1077 1081 1121 1128 1188 1191 1192 1253 1360 1367 1383 1452 1586 1655 1708 1716 1734 1811
22 111 404 488 594 618 783 832 838 879 909 912 979 1046 1084 1130 1134 1161 1194 1226 1232 1251 1352 1363 1397 1421 1428 1451 1544 1571 1601 1614 1628 1696 1765 1785 1918 1970
77 112 116 127 172 184 189 245 265 340 393 663 708 722 778 899 958 1037 1050 1123 1143 1222 1296 1481 1509 1541 1570 1666 1691 1707 1720 1726 1845 1920 1994 1997
61 118 183 295 300 308 313 357 381 494 535 562 601 664 694 698 727 740 745 795 877 1127 1300 1378 1406 1463 1480 1524 1589 1594 1610 1670 1714 1727 1861 1892 1947 1964 1984
59 63 203 206 213 218 264 269 320 348 392 435 460 614 648 665 677 723 749 758 779 788 802 812 818 827 829 840 864 887 914 940 969 973 1093 1236 1261 1264 1305 1341 1374 1385 1442 1477 1493 1512 1543 1592 1658 1686 1723 1730 1746 1748 1753 1810 1878 1934 1942 1951 1952 1981
1 52 138 139 144 146 256 294 336 356 396 416 479 613 624 647 669 671 713 797 870 889 965 983 1001 1082 1083 1102 1115 1172 1203 1223 1302 1314 1356 1386 1441 1536 1542 1547 1608 1654 1721 1774 1799 1800 1836 1977
65 151 210 668 715 737 775 790 1245 1488 1508 1513 1643 1754
32 70 200 355 480 510 565 589 597 751 926 1009 1025 1087 1149 1156 1257 1294 1359 1400 1445 1577 1641 1722 1770 1828 1907
117 130 137 161 244 278 327 332 371 377 456 502 541 581 630 642 683 839 891 901 919 941 982 1019 1036 1043 1062 1116 1118 1160 1205 1247 1252 1322 1414 1429 1439 1518 1565 1575 1596 1611 1681 1717 1772 1802 1841 1848 1888 1909 1929 1955
7 12 92 124 149 171 174 216 307 383 418 540 568 635 645 763 915 980 995 1067 1096 1133 1138 1159 1218 1244 1255 1274 1340 1353 1506 1520 1546 1607 1612 1675 1735 1835 1902 1959
6 101 135 165 194 258 282 309 325 373 388 524 584 658 725 742 747 868 871 881 929 951 990 991 997 1008 1010 1039 1060 1074 1189 1234 1447 1561 1694 1781 1812 1926 1974 1982 1993 1996
16 18 68 85 86 94 108 147 156 157 198 276 281 287 306 330 339 360 363 366 386 389 394 398 473 477 484 529 560 592 640 650 773 784 789 798 834 860 931 936 957 1016 1100 1101 1162 1179 1190 1201 1241 1243 1329 1392 1418 1438 1453 1458 1473 1545 1555 1656 1661 1667 1742 1751 1760 1763 1801 1859 1894 1897 1948 1991 1995
39 72 159 181 414 482 490 495 498 507 513 517 530 596 612 693 696 729 731 792 799 883 934 944 945 964 1007 1030 1041 1054 1075 1106 1112 1154 1158 1268 1279 1303 1304 1323 1333 1343 1355 1366 1417 1446 1459 1482 1499 1505 1517 1531 1532 1553 1562 1576 1642 1663 1687 1711 1713 1747 1795 1814 1858 1872 1877 1921 1928 1935 1960 1976
163 195 555 563 637 769 846 1148 1266 1349 1425 1494 1534 1595
45 73 227 231 243 246 426 526 657 856 917 938 1003 1181 1248 1342 1376 1381 1407 1692 1816
102 106 209 441 442 445 587 590 653 898 939 963 1048 1055 1061 1089 1150 1361 1489 1550 1648 1706 1824 1891 1903 1968
11 42 50 53 83 126 204 316 317 380 632 705 746 815 948 1034 1298 1558 1671 1704 1761
38 67 104 182 199 211 242 261 267 322 359 362 408 420 449 453 511 522 550 626 638 710 756 766 774 873 880 886 954 989 1065 1092 1169 1200 1208 1273 1289 1312 1313 1319 1326 1399 1412 1462 1470 1525 1557 1581 1682 1756 1773 1793 1853 1875 1895 1915 1923 1930 1972 1973
20 103 140 145 176 249 288 296 315 335 378 401 519 543 619 620 622 656 682 816 826 863 1178 1204 1239 1317 1346 1375 1443 1468 1496 1598 1626 1786 1797
64 155 177 179 319 364 379 447 566 575 576 688 692 782 794 800 867 875 888 894 937 960 977 992 1027 1031 1066 1076 1086 1094 1129 1193 1216 1219 1225 1231 1256 1260 1281 1301 1464 1522 1564 1593 1617 1702 1759 1768 1798 1822 1829 1864 1906 1912 1924 1925 1987 1998
253 290 403 413 436 486 607 611 662 781 908 1211 1600
105 298 342 350 367 450 459 503 532 553 572 595 604 721 744 853 866 884 925 950 1277 1337 1369 1538 1631 1646 1762 1796 1842 1868 1879 1945
25 57 76 128 131 158 160 235 334 412 428 438 446 451 476 514 551 569 580 633 685 702 711 750 786 796 869 913 923 924 966 985 1005 1079 1085 1227 1233 1250 1269 1287 1299 1331 1354 1368 1382 1387 1413 1416 1420 1432 1440 1483 1511 1528 1539 1559 1568 1602 1622 1649 1685 1757 1860 1876 1887 1896 1914 1975 1989
28 31 175 197 221 326 354 423 452 544 577 644 690 712 761 772 808 811 1000 1012 1059 1237 1377 1469 1486 1521 1580 1584 1627 1755 1833 1844 1890 1922
133 143 170 240 346 374 375 382 415 505 509 629 678 699 791 807 825 830 882 890 962 978 1014 1017 1033 1111 1146 1147 1164 1175 1199 1215 1238 1263 1271 1283 1297 1309 1510 1664 1834 1847 1850 1944
41 328 349 361 384 422 457 516 554 972 1126 1284 1471 1588 1615 1787 1846
14 89 91 100 110 132 205 220 226 262 341 365 421 639 649 679 700 820 842 1068 1078 1124 1173 1212 1240 1288 1325 1424 1465 1618 1718 1740 1806 1818 1856 1999
3 8 47 54 58 136 141 142 164 169 192 193 214 215 233 237 239 274 279 293 344 347 352 406 465 466 475 485 497 537 538 559 561 623 628 686 701 709 726 734 743 814 819 828 831 833 848 855 900 927 946 1020 1021 1058 1108 1183 1184 1185 1187 1315 1371 1384 1390 1395 1396 1457 1479 1498 1514 1519 1551 1556 1604 1630 1640 1659 1665 1677 1689 1712 1766 1767 1777 1780 1804 1857 1863 1881 1933 1941 1963 1966 1992 2000
43 48 69 82 247 299 397 617 767 836 1286
