13 117 133 134 243 252 315 320 390 407 430 435 506 533 538 660 759 864 876 880 896 922 930 937 941 966 1017 1032 1076 1141 1157 1170 1181 1186 1201 1202 1205 1264 1290 1349 1369 1384 1399 1433 1486 1583 1614 1621 1635 1692 1693 1700 1758 1861 1885 1916 1980
29 63 69 72 76 96 120 131 132 192 214 219 222 224 250 270 339 346 448 454 472 474 531 553 577 578 596 601 674 679 698 734 750 752 769 793 804 811 830 836 843 877 914 954 1057 1065 1085 1107 1199 1209 1235 1282 1305 1319 1378 1410 1438 1510 1513 1519 1560 1569 1573 1596 1608 1623 1632 1637 1656 1660 1688 1712 1725 1734 1764 1781 1793 1813 1832 1871 1875 1887 1898 1912 1934 1935 1992 1994
17 19 31 236 241 431 536 551 614 629 670 690 899 945 977 1026 1035 1091 1196 1331 1354 1371 1377 1392 1424 1425 1451 1462 1562 1710 1805 1815 1870 1988 1990
58 163 213 303 304 343 447 619 671 866 888 939 1037 1309 1323 1516 1578 1673 1677
100 485 633 708 765 783 846 925 1033 1102 1131 1158 1407
10 14 36 40 47 74 82 86 103 107 110 130 139 162 212 266 359 394 408 412 413 446 470 477 481 529 571 631 736 744 785 828 895 909 910 935 950 959 972 997 1040 1078 1109 1142 1176 1247 1254 1273 1314 1322 1332 1348 1355 1387 1398 1443 1445 1448 1480 1481 1504 1553 1585 1591 1613 1628 1642 1658 1729 1762 1770 1777 1801 1804 1814 1816 1847 1862 1877 1886 1906 1920 1931 1951 1957 1962 1996
124 300 349 416 432 437 491 492 521 728 803 812 816 863 936 960 993 1212 1219 1368 1454 1539 1706 1723 1947 1968
35 68 89 158 164 168 179 193 195 203 220 225 293 345 397 418 423 452 462 562 570 593 604 636 678 696 712 755 798 805 842 845 891 901 934 946 1001 1054 1059 1112 1124 1127 1182 1194 1230 1246 1258 1270 1292 1294 1328 1341 1344 1346 1351 1364 1418 1490 1523 1550 1559 1567 1568 1586 1669 1697 1699 1727 1774 1828 1833 1894 1896 1921 1949 1966 1976 1978 1993
20 51 53 80 87 187 190 240 257 308 327 333 362 366 396 411 455 482 484 539 600 672 782 800 847 852 859 1009 1021 1055 1144 1165 1238 1284 1306 1350 1380 1383 1427 1437 1453 1471 1483 1494 1515 1522 1551 1574 1647 1662 1702 1792 1796 1831 1863 1924 1999
75 272 332 367 385 469 669 709 716 807 814 1094 1184 1221 1287 1318 1403 1543 1643 1788 1852
33 114 174 210 237 271 275 296 337 357 384 400 420 453 510 519 547 573 735 771 844 868 885 921 933 986 994 1005 1007 1069 1160 1253 1265 1321 1467 1528 1604 1617 1644 1646 1648 1667 1721 1746 1933 1937 1948 1964 1967
50 128 138 228 268 338 354 532 632 648 691 747 801 905 919 931 944 947 973 1048 1088 1099 1179 1227 1257 1269 1336 1339 1363 1417 1420 1465 1473 1526 1606 1625 1653 1655 1670 1695 1874 1982
98 152 173 253 328 382 456 841 903 1089 1276 1416 1434 1499
23 42 43 91 92 160 201 287 289 336 563 592 595 680 687 697 715 760 818 834 897 917 956 1002 1193 1304 1345 1356 1357 1373 1412 1444 1455 1531 1708 1952
78 182 205 223 478 486 488 516 523 581 599 664 704 766 772 779 839 883 1022 1068 1132 1133 1233 1307 1327 1446 1491 1492 1498 1518 1552 1570 1572 1607 1641 1738 1794 1818 1987
26 97 260 261 334 361 373 527 549 639 789 878 1093 1192 1224 1229 1298 1579 1605 1610 1740
81 306 340 344 363 395 440 566 625 653 887 923 1000 1172 1256 1261 1428 1456 1620 1698 1719 1766 1784 1785 1825 1849 1869 1936 1953
7 15 73 83 151 277 285 377 393 401 414 419 425 449 501 512 611 666 667 792 796 820 824 870 882 886 963 984 1019 1027 1058 1123 1220 1237 1359 1367 1419 1469 1511 1555 1590 1601 1618 1704 1745 1769 1859 1902 1918 1925 1929 1930 1945 1971 1989
6 38 46 85 94 171 215 230 248 254 265 301 317 347 360 372 524 623 652 662 741 743 763 806 835 927 943 958 980 1025 1051 1074 1110 1113 1137 1210 1396 1408 1485 1536 1563 1580 1654 1726 1731 1765 1923 1973
77 84 144 178 207 229 264 299 312 321 324 331 383 403 417 497 520 540 542 546 594 607 621 637 642 665 684 726 808 848 865 875 894 938 970 979 987 1018 1062 1125 1175 1203 1213 1277 1279 1295 1297 1302 1352 1379 1393 1395 1460 1468 1507 1508 1548 1595 1619 1624 1636 1638 1659 1663 1665 1685 1711 1736 1741 1755 1759 1787 1809 1810 1826 1909 1939
39 64 141 150 258 273 309 311 434 451 514 561 584 718 853 872 942 978 1073 1090 1143 1163 1183 1218 1266 1358 1374 1505 1545 1549 1581 1600 1691 1767 1808 1872 1888 1889 1954 1974 1975
118 185 189 259 325 352 376 387 659 692 773 827 838 874 879 1024 1111 1159 1372 1571 1587 1661 1722 1742 1743 1842 1856 1942 1970
44 61 226 284 355 380 398 424 428 442 465 555 568 587 609 654 663 673 693 706 748 767 786 791 867 912 915 918 969 975 1036 1047 1056 1080 1081 1106 1116 1134 1190 1299 1313 1315 1342 1376 1386 1390 1409 1463 1464 1488 1495 1527 1558 1603 1627 1668 1689 1752 1806 1854 1938 1944
157 208 231 370 530 564 649 661 675 682 699 751 810 823 913 929 1012 1023 1052 1066 1067 1136 1178 1187 1231 1291 1361 1457 1493 1534 1612 1696 1720 1732 1771 1789 1846 1910
262 319 468 498 503 559 608 703 1103 1169 1188 1197
135 153 209 288 298 353 612 676 686 1138 1216 1320
88 221 227 525 576 582 610 724 1060 1108 1173 1263 1338 1402 1532
8 24 62 104 115 161 218 233 245 247 263 290 291 326 341 348 457 558 651 723 729 777 815 826 856 857 893 907 949 951 981 983 990 1030 1079 1147 1149 1200 1208 1215 1241 1244 1251 1275 1330 1381 1389 1461 1524 1544 1594 1629 1630 1631 1649 1666 1681 1690 1703 1747 1750 1776 1798 1819 1848 1855 1881 1897 1997
4 55 129 177 202 217 269 276 305 307 365 369 374 375 479 508 518 526 554 616 646 650 710 721 762 768 790 819 862 992 1063 1075 1086 1096 1135 1139 1140 1155 1161 1185 1211 1236 1248 1271 1289 1394 1404 1478 1509 1520 1566 1707 1714 1733 1735 1768 1797 1864 1911 1917 1928 1941 1956
1 16 90 93 109 119 123 140 159 165 166 235 255 281 302 322 323 381 433 450 466 487 505 511 517 579 586 627 628 635 668 711 739 740 761 787 817 837 928 961 989 1028 1042 1077 1097 1098 1151 1177 1226 1245 1252 1260 1262 1278 1325 1360 1422 1431 1525 1554 1626 1634 1657 1684 1686 1717 1718 1739 1753 1760 1778 1803 1882 1904 1905 1907 1919 1932 1943 1955 1960 1965 1972 1981 1985 1998 2000
11 167 191 200 330 335 475 585 685 701 780 788 849 881 957 971 982 1046 1153 1268 1334 1343 1366 1400 1450 1529 1633 1678 1683 1775 1827
2 21 27 34 45 52 54 101 105 154 180 181 211 249 256 292 342 368 386 409 429 461 490 496 499 569 590 605 618 638 640 681 695 702 714 749 756 775 797 799 833 855 952 991 1010 1011 1013 1014 1016 1034 1064 1104 1114 1115 1191 1239 1250 1303 1308 1324 1326 1337 1347 1414 1439 1447 1452 1470 1497 1500 1503 1506 1538 1564 1609 1615 1645 1716 1756 1757 1761 1783 1817 1866 1901 1908 1915 1958 1986
48 183 282 283 583 603 778 900 962 1084 1255 1340 1458 1459
66 67 102 147 186 196 294 389 404 560 574 630 634 641 727 758 809 822 988 1015 1117 1195 1242 1274 1316 1489 1537 1542 1687 1715 1749 1790 1800 1823 1838 1927 1984 1995
41 169 188 204 278 318 410 415 441 464 502 509 513 528 565 613 647 677 738 831 861 873 884 948 976 999 1008 1041 1053 1095 1119 1121 1146 1164 1166 1180 1206 1217 1225 1243 1281 1283 1296 1406 1429 1441 1472 1476 1484 1502 1557 1598 1616 1674 1812 1830 1843 1845 1922
28 112 149 172 198 232 500 598 617 707 764 1006 1071 1126 1622
12 30 57 106 121 127 142 148 156 170 175 184 206 246 358 364 378 399 405 436 445 458 460 476 545 550 552 655 713 717 722 753 757 774 781 829 854 869 890 911 916 920 967 985 1003 1061 1070 1082 1100 1129 1130 1145 1150 1168 1171 1214 1222 1228 1234 1259 1286 1300 1312 1382 1413 1466 1479 1535 1541 1547 1561 1650 1664 1672 1705 1724 1763 1821 1839 1840 1851 1853 1857 1867 1892 1893 1913 1959
22 122 136 267 426 438 467 504 537 556 589 694 770 776 784 924 955 968 1004 1072 1083 1128 1167 1198 1204 1232 1285 1365 1391 1430 1530 1546 1575 1599 1651 1680 1728 1730 1744 1772 1811 1926 1940 1946
65 70 176 194 316 402 406 892 964 1029 1087 1092 1249 1512 1521 1565 1592 1694 1802
37 111 113 125 239 242 310 329 379 443 494 507 543 548 588 622 644 657 688 700 719 720 730 733 745 754 821 825 851 898 904 940 965 974 995 998 1031 1045 1152 1156 1162 1240 1267 1272 1301 1353 1397 1432 1435 1436 1442 1449 1474 1487 1514 1584 1588 1597 1671 1675 1701 1709 1713 1748 1791 1799 1829 1834 1873 1876 1878 1890 1899 1903 1950
9 32 71 143 145 197 216 244 279 280 391 422 427 471 535 591 624 643 725 746 802 858 996 1044 1174 1189 1207 1329 1335 1415 1475 1482 1501 1540 1589 1602 1679 1751 1773 1807 1820 1822 1824 1895 1914 1961 1983 1991
56 59 60 108 146 238 351 356 371 459 473 480 483 489 541 557 567 580 645 656 658 732 813 832 840 889 908 932 1020 1043 1049 1148 1154 1310 1317 1362 1388 1440 1556 1576 1611 1779 1780 1795 1835 1850 1858 1969 1979
3 49 313 314 515 597 626 850 1038 1120 1288 1401 1405 1421 1533
18 79 99 116 126 137 155 199 234 251 274 286 297 388 439 444 493 534 575 602 606 615 683 705 731 742 860 902 906 926 953 1050 1101 1118 1223 1280 1293 1311 1333 1375 1426 1496 1517 1593 1682 1737 1754 1782 1786 1836 1841 1860 1868 1880 1883 1900 1977
5 25 95 295 350 392 421 463 495 522 544 572 620 689 737 794 795 871 1039 1105 1122 1370 1385 1411 1423 1477 1577 1582 1639 1640 1652 1676 1837 1844 1865 1879 1884 1891 1963
